image: map1.pgm
resolution: 0.100000
origin: [-56.768134, -24.136542, 0.000000]
negate: 0
occupied_thresh: 0.65
free_thresh: 0.196

