image: map2.pgm
resolution: 0.100000
origin: [-30.514099, -12.810345, 0.000000]
negate: 0
occupied_thresh: 0.65
free_thresh: 0.196

